1YEAR SERIAL 1039236 1024869 995993 1095192 1051659

2YEAR SERIAL 1435072 1433170 1440983 1716434 1472924

4YEAR SERIAL 4379430 4404829 4113725 4404360 4171783


PARALLEL

1YEAR

*2*
738300 736256 752421 749111 752421

*4*
539197 372529 594086 569205 522367

*8*
464516 574638 267527 460243 476225

*16*
498601 184832 427166 466190 507110 



2YEAR

*2*
1041818 1197106 1212105 1282105 977571 

*4*
743576 753084 978871 723774 892967

*8*
575325 668031 570222 596074 587335 

*16*
567183 334600 513938 601403 538708



4YEAR

*4*
1303686 1164826 1207345 1405898 1248022

*8*
1022707 828118 794025 780397 970669

*16*
712893 674363 641384 642626 784819



